1 0.063729 0.748898 0.124830 0.194224
1 0.924091 0.770445 0.149684 0.209306
1 0.653207 0.762734 0.129703 0.195839
1 0.119413 0.398521 0.113239 0.089071
1 0.786813 0.762108 0.122624 0.211335
1 0.512428 0.413555 0.102414 0.134690
1 0.848973 0.548666 0.155484 0.171405
1 0.348948 0.256414 0.165768 0.079006
1 0.304028 0.724201 0.096014 0.119358
1 0.226979 0.548614 0.107276 0.141672
1 0.857020 0.390852 0.174086 0.136815
1 0.387322 0.687502 0.123359 0.114801
1 0.232603 0.341317 0.091264 0.107091
1 0.578252 0.274879 0.183975 0.070648
1 0.610922 0.416795 0.119679 0.134655
1 0.845572 0.308896 0.124464 0.070171
1 0.150661 0.541667 0.086531 0.138889
1 0.648833 0.563889 0.128561 0.131481
1 0.679737 0.474074 0.101365 0.096296
1 0.715586 0.307407 0.093948 0.081481
1 0.394185 0.386111 0.128561 0.087037
1 0.337321 0.476852 0.108782 0.105556
1 0.525218 0.571296 0.093948 0.127778
1 0.405402 0.559972 0.111254 0.126781
1 0.301280 0.578134 0.083678 0.101852
1 0.442487 0.477707 0.097942 0.096154
1 0.719197 0.406838 0.096040 0.108262
1 0.546134 0.323860 0.097942 0.073362
1 0.394087 0.331339 0.106500 0.095442
1 0.299473 0.343091 0.059906 0.116097