1 0.823969 0.542481 0.138792 0.124154
1 0.566828 0.553246 0.075977 0.096610
1 0.055400 0.500308 0.109150 0.136329
1 0.891367 0.574077 0.052510 0.105493
1 0.976097 0.628872 0.047137 0.128742
1 0.954266 0.939772 0.076809 0.114911
1 0.616649 0.370364 0.073028 0.111255
1 0.761282 0.361050 0.090438 0.162574
1 0.661171 0.498058 0.124678 0.097653
1 0.418876 0.382529 0.068935 0.142836
1 0.335329 0.494154 0.103087 0.119100
1 0.682575 0.362616 0.074949 0.152117
1 0.267000 0.329373 0.084325 0.141764
1 0.618768 0.916261 0.130483 0.149758
1 0.888285 0.946478 0.065106 0.107044
1 0.430586 0.220658 0.058561 0.112365
1 0.181036 0.482800 0.076025 0.113503
1 0.511989 0.904220 0.118599 0.139287
1 0.365307 0.321296 0.062848 0.138889
1 0.238994 0.362037 0.088727 0.142593
1 0.285206 0.555556 0.094889 0.103704
1 0.253782 0.644444 0.157737 0.148148
1 0.926014 0.384259 0.094889 0.198148
1 0.023376 0.358333 0.046751 0.112963
1 0.388721 0.540741 0.080101 0.151852