1 0.595783 0.765560 0.127857 0.268933
1 0.052385 0.436723 0.104770 0.201017
1 0.137123 0.435657 0.109791 0.203369
1 0.711323 0.765658 0.118050 0.253082
1 0.858300 0.770902 0.167219 0.258830
1 0.254081 0.429590 0.150351 0.216748
1 0.367781 0.772771 0.124154 0.269361
1 0.677578 0.429722 0.136627 0.207513
1 0.389487 0.442352 0.126223 0.181366
1 0.118762 0.137706 0.121231 0.176755
1 0.210108 0.146297 0.118450 0.160299
1 0.957739 0.147590 0.084522 0.176777
1 0.416891 0.123832 0.127837 0.211016
1 0.261231 0.788779 0.123931 0.252700
1 0.482656 0.778447 0.101060 0.295188
1 0.652949 0.113970 0.138731 0.206631
1 0.943960 0.436293 0.108493 0.192608
1 0.579288 0.435811 0.094064 0.181195
1 0.947327 0.754891 0.105346 0.229280
1 0.821678 0.428266 0.130320 0.221969
1 0.875013 0.140005 0.123527 0.212861
1 0.031478 0.148680 0.062602 0.154283
1 0.773937 0.138934 0.108011 0.199383
1 0.307949 0.157356 0.113893 0.146597
1 0.494710 0.434496 0.088768 0.188057
1 0.165343 0.755512 0.084601 0.248236
1 0.074060 0.781481 0.119497 0.277778
1 0.536778 0.125000 0.107547 0.250000