1 0.216984 0.816643 0.194972 0.145269
1 0.071134 0.880044 0.141011 0.159607
1 0.270866 0.307195 0.168563 0.139318
1 0.119177 0.387592 0.229128 0.141068
1 0.104364 0.568809 0.208728 0.080475
1 0.392329 0.808485 0.201402 0.137755
1 0.897805 0.368895 0.192314 0.123788
1 0.084752 0.925850 0.144406 0.101454
1 0.529791 0.025814 0.231267 0.050262
1 0.169849 0.631634 0.187872 0.096299
1 0.336246 0.492976 0.205705 0.167651
1 0.043994 0.679952 0.087988 0.123371
1 0.171221 0.112312 0.161593 0.127227
1 0.682680 0.602417 0.176348 0.117643
1 0.883977 0.809798 0.225004 0.148072
1 0.439675 0.274316 0.171763 0.173479
1 0.651123 0.335933 0.233274 0.122465
1 0.497552 0.137855 0.172554 0.164655
1 0.729880 0.788889 0.221247 0.140741
1 0.638144 0.691667 0.156491 0.101852
1 0.878278 0.634259 0.237435 0.075926
1 0.775749 0.545370 0.161888 0.127778
1 0.913353 0.448148 0.156491 0.114815
1 0.137641 0.231481 0.180775 0.085185
1 0.632748 0.224074 0.167284 0.114815
1 0.920252 0.104630 0.159496 0.198148
1 0.532917 0.623148 0.140303 0.101852
1 0.481653 0.693519 0.145699 0.094444
1 0.366982 0.613889 0.137605 0.087037
1 0.314369 0.685185 0.172680 0.096296
1 0.562597 0.842593 0.145699 0.122222
1 0.856693 0.932407 0.242832 0.098148
1 0.626003 0.928704 0.180775 0.075926
1 0.340001 0.944444 0.148397 0.055556
1 0.754164 0.188889 0.140303 0.155556
1 0.308972 0.075000 0.188869 0.116667