1 0.429694 0.354635 0.075853 0.123950
1 0.379902 0.348311 0.116364 0.114357
1 0.092980 0.468519 0.092377 0.107407
1 0.076184 0.381481 0.072782 0.066667
1 0.045392 0.318519 0.050388 0.074074
1 0.179059 0.404630 0.085379 0.120370
1 0.244143 0.357407 0.064384 0.114815
1 0.174860 0.293519 0.060185 0.079630
1 0.139169 0.253704 0.039190 0.055556
1 0.906880 0.231481 0.057386 0.048148
1 0.851593 0.203704 0.086779 0.059259
1 0.264438 0.929630 0.102175 0.140740
1 0.603854 0.729630 0.184755 0.170370
1 0.500280 0.820370 0.195952 0.218519