1 0.929709 0.833662 0.140582 0.171165
1 0.760182 0.677314 0.268330 0.271265
1 0.852824 0.523710 0.115313 0.210348
1 0.081285 0.528720 0.162570 0.249048
1 0.798553 0.287138 0.155783 0.180069
1 0.216690 0.263747 0.171809 0.203827
1 0.729401 0.470067 0.158225 0.226208
1 0.907098 0.186798 0.125764 0.165457
1 0.635365 0.758615 0.159671 0.307623
1 0.216691 0.590339 0.103508 0.202848
1 0.407511 0.541667 0.272830 0.361111
1 0.340667 0.833333 0.324668 0.192593
1 0.770375 0.814815 0.190981 0.200000
1 0.938389 0.656481 0.123222 0.183333
1 0.456620 0.076852 0.188253 0.153704
1 0.628503 0.086111 0.196438 0.172222
1 0.141686 0.061111 0.283372 0.122222
1 0.067837 0.309259 0.125502 0.129630