1 0.965217 0.893094 0.069566 0.206844
1 0.739604 0.355325 0.226287 0.229015
1 0.133336 0.473912 0.254815 0.450920
1 0.492441 0.809655 0.275785 0.368278
1 0.255744 0.448058 0.287344 0.331480
1 0.867239 0.611145 0.251744 0.338677
1 0.414850 0.408213 0.281817 0.315289
1 0.716910 0.779145 0.222102 0.367585
1 0.616991 0.111898 0.208843 0.190537
1 0.935633 0.318391 0.126786 0.261063
1 0.145967 0.921527 0.285823 0.156946
1 0.624661 0.428722 0.170427 0.247335
1 0.424898 0.099348 0.160886 0.196051
1 0.917853 0.105844 0.163099 0.140194
1 0.815304 0.104421 0.125962 0.176701
1 0.255630 0.816667 0.200869 0.366666
1 0.103477 0.114815 0.206954 0.229630
1 0.214964 0.111111 0.235374 0.222222