1 0.704448 0.275630 0.221313 0.103106
1 0.230996 0.558529 0.082765 0.089262
1 0.673054 0.420433 0.153271 0.099088
1 0.262105 0.288186 0.175091 0.107672
1 0.298512 0.428562 0.116280 0.111544
1 0.381095 0.585988 0.083879 0.087321
1 0.422473 0.289673 0.141227 0.102967
1 0.547526 0.453886 0.115112 0.123849
1 0.744430 0.516602 0.109684 0.074458
1 0.200214 0.420230 0.115285 0.106228
1 0.528683 0.608408 0.112705 0.117957
1 0.637517 0.282575 0.089197 0.082532
1 0.540201 0.307178 0.132515 0.107204
1 0.304740 0.578949 0.095634 0.107941
1 0.186731 0.202778 0.000000 0.001852