1 0.702363 0.921890 0.214041 0.156220
1 0.722494 0.568245 0.142213 0.387440
1 0.075642 0.589288 0.151284 0.408016
1 0.792948 0.187600 0.131808 0.373010
1 0.309605 0.586518 0.175310 0.452566
1 0.333286 0.216597 0.160884 0.313219
1 0.120223 0.907237 0.231632 0.183479
1 0.487863 0.184013 0.136646 0.325394
1 0.541754 0.917609 0.128244 0.163651
1 0.539254 0.639279 0.155626 0.379598
1 0.354216 0.912425 0.183616 0.175150
1 0.605659 0.207290 0.158457 0.335711
1 0.190419 0.330165 0.212987 0.441812
1 0.180923 0.909404 0.164828 0.173717
1 0.444176 0.524074 0.117071 0.418519
1 0.908477 0.178704 0.183046 0.357407
1 0.829277 0.571296 0.113374 0.383333
1 0.920184 0.569444 0.159632 0.420370