1 0.920031 0.893519 0.159937 0.209259
1 0.766317 0.891667 0.147490 0.172222
1 0.649438 0.830556 0.108531 0.179630
1 0.741272 0.700000 0.125228 0.081481
1 0.967340 0.454630 0.065320 0.079630
1 0.546473 0.462037 0.102965 0.087037
1 0.272364 0.464815 0.089051 0.070370
1 0.156876 0.687037 0.119662 0.081481
1 0.233404 0.781481 0.133576 0.140741
1 0.091479 0.927778 0.166970 0.144444
1 0.456031 0.912963 0.217061 0.174074
1 0.648047 0.658333 0.077919 0.131481
1 0.928380 0.596296 0.143240 0.085185
1 0.079134 0.562963 0.158268 0.059259
1 0.346109 0.461111 0.069571 0.051852