1 0.739604 0.355325 0.226287 0.229015
1 0.133336 0.473912 0.254815 0.450920
1 0.492441 0.809655 0.275785 0.368278
1 0.255744 0.448058 0.287344 0.331480
1 0.867239 0.611145 0.251744 0.338677
1 0.716910 0.779145 0.222102 0.367585
1 0.629115 0.111898 0.184596 0.190537
1 0.935633 0.318391 0.126786 0.261063
1 0.627242 0.394713 0.165264 0.315352
1 0.424898 0.099348 0.160886 0.196051
1 0.797710 0.104421 0.161150 0.176701
1 0.274115 0.825000 0.262485 0.350000
1 0.405358 0.438889 0.288364 0.374074
1 0.483610 0.290741 0.166364 0.196296
1 0.141679 0.917593 0.283358 0.164814
1 0.158931 0.109259 0.317862 0.218518