1 0.597641 0.072509 0.110913 0.129977
1 0.195303 0.228052 0.093562 0.124962
1 0.503664 0.724074 0.324343 0.362963
1 0.207820 0.788889 0.126209 0.170370
1 0.274996 0.409259 0.113995 0.177778
1 0.158287 0.359259 0.119423 0.177778
1 0.042502 0.337037 0.085004 0.200000
1 0.811722 0.645370 0.142494 0.209259
1 0.706548 0.508333 0.116709 0.212963
1 0.837506 0.447222 0.161493 0.216667
1 0.776438 0.290741 0.150636 0.196296
1 0.929271 0.178704 0.141458 0.209259
1 0.761510 0.103704 0.185920 0.185185
1 0.637337 0.259259 0.103138 0.222222
1 0.396455 0.304630 0.139779 0.135185
1 0.303494 0.196296 0.135708 0.200000
1 0.362528 0.053704 0.139779 0.107407
1 0.212570 0.074074 0.146565 0.148148
1 0.075505 0.062963 0.143851 0.125926
1 0.108999 0.528704 0.217998 0.153704