1 0.858154 0.512963 0.146467 0.374074
1 0.861608 0.857407 0.098105 0.144444
1 0.960167 0.833333 0.079666 0.166667
1 0.709614 0.739815 0.073234 0.124074
1 0.461587 0.416667 0.132650 0.151852
1 0.339301 0.400926 0.089815 0.124074
1 0.304066 0.496296 0.060798 0.111111
1 0.406316 0.709259 0.077379 0.118519
1 0.516858 0.739815 0.121595 0.157407
1 0.483004 0.572222 0.208647 0.166667
1 0.313738 0.645370 0.093960 0.146296
1 0.500276 0.879630 0.110541 0.129630
1 0.384208 0.811111 0.077379 0.096296
1 0.381444 0.925000 0.085670 0.112963
1 0.727577 0.417593 0.087051 0.161111
1 0.742776 0.595370 0.075997 0.109259
1 0.192833 0.433333 0.062179 0.107407
1 0.196288 0.544444 0.066325 0.140741
1 0.313738 0.770370 0.063561 0.122222