1 0.291111 0.360185 0.151852 0.135185
1 0.266111 0.488889 0.120370 0.118519
1 0.266111 0.595370 0.109259 0.083333
1 0.263333 0.709259 0.133333 0.122222
1 0.267037 0.820370 0.118519 0.118519
1 0.241111 0.935185 0.125926 0.114815
1 0.353148 0.939815 0.098148 0.120370
1 0.374444 0.832407 0.081481 0.087037
1 0.371667 0.715741 0.075926 0.120370
1 0.376296 0.475000 0.088889 0.131481
1 0.155926 0.437037 0.096296 0.103704
1 0.150370 0.562037 0.085185 0.135185
1 0.144815 0.684259 0.074074 0.101852
1 0.652222 0.809259 0.125926 0.129630
1 0.633704 0.931481 0.118519 0.107407
1 0.776296 0.929630 0.151852 0.125926
1 0.775370 0.806481 0.127778 0.150000
1 0.738333 0.700926 0.135185 0.120370
1 0.750370 0.588889 0.137037 0.111111
1 0.825370 0.323148 0.138889 0.150000
1 0.628148 0.337037 0.181481 0.140741
1 0.624444 0.486111 0.085185 0.124074
1 0.741111 0.465741 0.140741 0.138889