1 0.315498 0.265741 0.125228 0.105556
1 0.407331 0.259259 0.136359 0.088889
1 0.486642 0.261111 0.094616 0.077778
1 0.606304 0.264815 0.144708 0.100000
1 0.444900 0.423148 0.111313 0.105556
1 0.334978 0.425000 0.119662 0.101852
1 0.639698 0.414815 0.144708 0.103704
1 0.229230 0.418519 0.125228 0.114815
1 0.245927 0.560185 0.180884 0.120370
1 0.489425 0.575926 0.133576 0.107407
1 0.372546 0.577778 0.077919 0.118519
1 0.623001 0.573148 0.161405 0.098148
1 0.599347 0.744444 0.175319 0.125926
1 0.407331 0.741667 0.197581 0.135185
1 0.220881 0.732407 0.136359 0.138889