1 0.457491 0.229773 0.099435 0.181289
1 0.616391 0.249501 0.116745 0.106770
1 0.532075 0.378857 0.141509 0.106770
1 0.796816 0.360377 0.208726 0.139623
1 0.635849 0.472281 0.158019 0.129356
1 0.830425 0.243341 0.181604 0.123196
1 0.835731 0.805938 0.180425 0.135516
1 0.787972 0.946088 0.301887 0.107824
1 0.620519 0.805938 0.186321 0.151942
1 0.156486 0.940954 0.201651 0.118091
1 0.146462 0.825444 0.226415 0.129356
1 0.144693 0.715594 0.225236 0.102664
1 0.152948 0.598557 0.220519 0.123196
1 0.164151 0.475361 0.228774 0.123196
1 0.154717 0.364484 0.169811 0.131410
1 0.164151 0.243341 0.167453 0.131410
1 0.812736 0.132464 0.186321 0.102664
1 0.509670 0.554412 0.110849 0.117037