1 0.285303 0.324171 0.234897 0.129046
1 0.111194 0.428165 0.219216 0.167372
1 0.305926 0.623148 0.170370 0.161111
1 0.085370 0.611111 0.170740 0.170370
1 0.057593 0.294444 0.115185 0.107407
1 0.371667 0.195370 0.112963 0.120370
1 0.273518 0.190741 0.083333 0.122222
1 0.198518 0.186111 0.088889 0.112963
1 0.585556 0.331481 0.170370 0.151852
1 0.632778 0.494444 0.105556 0.140741
1 0.537407 0.481481 0.088889 0.111111
1 0.515185 0.633333 0.092593 0.170370
1 0.611481 0.681481 0.148148 0.225926
1 0.715185 0.695370 0.103704 0.190741
1 0.754074 0.502778 0.133333 0.179630
1 0.879074 0.511111 0.112963 0.177778
1 0.833704 0.712963 0.125926 0.185185
1 0.933704 0.217593 0.111111 0.138889
1 0.818889 0.222222 0.125926 0.125926
1 0.714259 0.219444 0.101852 0.131481
1 0.606852 0.199074 0.131481 0.112963
1 0.676296 0.081481 0.118519 0.107407
1 0.801296 0.079630 0.112963 0.137037
1 0.938148 0.073148 0.123704 0.127778
1 0.515185 0.201852 0.111111 0.103704
1 0.518889 0.088889 0.074074 0.103704
1 0.054815 0.191667 0.109630 0.087037