1 0.401936 0.963796 0.112930 0.072408
1 0.245304 0.278379 0.189942 0.205031
1 0.512951 0.975833 0.089025 0.048327
1 0.915135 0.620370 0.116727 0.221194
1 0.391917 0.296399 0.097781 0.214310
1 0.056397 0.834107 0.112570 0.191210
1 0.813559 0.623347 0.107972 0.209245
1 0.845768 0.435094 0.113199 0.183749
1 0.705403 0.624908 0.112197 0.208032
1 0.738105 0.104256 0.084834 0.208512
1 0.568061 0.436062 0.124750 0.181623
1 0.942189 0.448365 0.102446 0.160916
1 0.088718 0.271370 0.102063 0.195556
1 0.237090 0.107015 0.073544 0.164304
1 0.465283 0.455752 0.097328 0.146147
1 0.671611 0.398894 0.115142 0.278155
1 0.060565 0.104042 0.114261 0.177541
1 0.928427 0.102023 0.129034 0.194542
1 0.238982 0.830815 0.070317 0.194308
1 0.651863 0.102649 0.105317 0.192893
1 0.441102 0.779127 0.121315 0.291920
1 0.061634 0.645827 0.113679 0.205945
1 0.175219 0.963286 0.070058 0.073428
1 0.289495 0.433024 0.095500 0.196699
1 0.378396 0.450325 0.098117 0.155908
1 0.530978 0.691165 0.099384 0.267135
1 0.157817 0.830569 0.087831 0.192557
1 0.769325 0.278716 0.118055 0.218240
1 0.152948 0.117613 0.097877 0.159234
1 0.399410 0.116492 0.081368 0.143535
1 0.319298 0.106124 0.075610 0.162269
1 0.467050 0.089012 0.072836 0.178023
1 0.557922 0.094910 0.103357 0.182057
1 0.823876 0.098868 0.078385 0.174142
1 0.878676 0.269711 0.113069 0.220316
1 0.201651 0.557309 0.120006 0.236147
1 0.265122 0.627890 0.091565 0.250659
1 0.623335 0.803351 0.044395 0.221635
1 0.547031 0.827757 0.094340 0.196569
1 0.328940 0.815488 0.102664 0.200527
1 0.482589 0.284091 0.104745 0.195250