1 0.125993 0.238426 0.036065 0.039815
1 0.096864 0.235648 0.034678 0.047222
1 0.064961 0.233333 0.026355 0.037037
1 0.034098 0.221296 0.029823 0.037037
1 0.033404 0.258796 0.045081 0.041667
1 0.015719 0.295370 0.023581 0.046296
1 0.050396 0.332870 0.038839 0.056481
1 0.053864 0.400463 0.040226 0.045370
1 0.096864 0.393056 0.029129 0.043519
1 0.132582 0.400463 0.032597 0.052778
1 0.064267 0.444907 0.041613 0.045370
1 0.106574 0.456944 0.033290 0.039815
1 0.061146 0.502778 0.040919 0.046296
1 0.029590 0.507870 0.024968 0.060185
1 0.060799 0.550926 0.037452 0.033333
1 0.063227 0.606019 0.031210 0.047222
1 0.079178 0.700000 0.095016 0.074074
1 0.149574 0.707407 0.051323 0.051852
1 0.137437 0.650463 0.045081 0.030556
1 0.136396 0.600463 0.044387 0.058333
1 0.096517 0.590741 0.032597 0.062963
1 0.189106 0.602315 0.049936 0.032407
1 0.174888 0.645833 0.036758 0.049074
1 0.190840 0.716204 0.036758 0.049074
1 0.229679 0.705556 0.033984 0.055556
1 0.261929 0.702315 0.030516 0.050926
1 0.292792 0.703241 0.036758 0.058333
1 0.265397 0.644907 0.024968 0.045370
1 0.267824 0.596296 0.049242 0.037037
1 0.233147 0.600000 0.022887 0.048148
1 0.233147 0.643056 0.033984 0.041667
1 0.262276 0.534722 0.036758 0.049074
1 0.227252 0.537037 0.029129 0.044444
1 0.194308 0.550463 0.036758 0.036111
1 0.149227 0.549537 0.040919 0.041667
1 0.139171 0.524074 0.051323 0.033333
1 0.189106 0.511574 0.038839 0.028704
1 0.225171 0.493056 0.037452 0.037963
1 0.266090 0.492130 0.038839 0.050926
1 0.296260 0.494444 0.031210 0.040741
1 0.302155 0.540741 0.040226 0.038889
1 0.181824 0.472222 0.042307 0.048148
1 0.186332 0.395370 0.041613 0.057407
1 0.163445 0.358333 0.038839 0.031481
1 0.227945 0.406481 0.030516 0.053704
1 0.268171 0.407407 0.044387 0.044444
1 0.309091 0.400926 0.031903 0.050000
1 0.304929 0.350926 0.034678 0.042593
1 0.260542 0.353704 0.048549 0.040741
1 0.238002 0.306019 0.035371 0.049074
1 0.197776 0.314352 0.043694 0.037963
1 0.158937 0.320833 0.043694 0.034259
1 0.158243 0.275463 0.038145 0.036111
1 0.119058 0.275000 0.034678 0.037037
1 0.211993 0.238426 0.047161 0.036111
1 0.277534 0.259722 0.052016 0.045370
1 0.432820 0.324537 0.055484 0.054630
1 0.388433 0.331019 0.026355 0.054630
1 0.362425 0.330692 0.027048 0.044717
1 0.387046 0.383333 0.038839 0.055556
1 0.335723 0.420370 0.022194 0.057407
1 0.340578 0.469907 0.038839 0.067593
1 0.339884 0.524537 0.036065 0.054630
1 0.324279 0.579167 0.045081 0.056481
1 0.350634 0.629167 0.053403 0.049074
1 0.336763 0.703241 0.035371 0.060185
1 0.370400 0.706944 0.029129 0.065741
1 0.414094 0.583796 0.027742 0.069444
1 0.397796 0.636111 0.024274 0.046296
1 0.398142 0.688889 0.031903 0.051852
1 0.429699 0.691667 0.035371 0.068519
1 0.459175 0.694444 0.024968 0.074074
1 0.485877 0.682407 0.021500 0.053704
1 0.511191 0.693056 0.031903 0.060185
1 0.545175 0.678704 0.031903 0.051852
1 0.576038 0.686111 0.032597 0.061111
1 0.608288 0.684722 0.036065 0.065741
1 0.618345 0.743981 0.028436 0.063889
1 0.575345 0.750926 0.031210 0.061111
1 0.542748 0.743981 0.028436 0.049074
1 0.509111 0.755093 0.034678 0.039815
1 0.479981 0.753704 0.029129 0.048148
1 0.444610 0.760185 0.029129 0.042593
1 0.413747 0.750926 0.031210 0.059259
1 0.757124 0.689815 0.051323 0.064815
1 0.798391 0.693981 0.035371 0.069444
1 0.837923 0.693519 0.047855 0.068519
1 0.878842 0.717130 0.042307 0.039815
1 0.916641 0.692593 0.040226 0.072222
1 0.957214 0.693981 0.036758 0.047222
1 0.903463 0.759722 0.030516 0.049074
1 0.943689 0.749074 0.044387 0.057407
1 0.855262 0.758796 0.046468 0.052778
1 0.763019 0.751389 0.082533 0.058333
1 0.851447 0.626389 0.045774 0.052778
1 0.894447 0.631481 0.040226 0.048148
1 0.939528 0.623148 0.047161 0.048148
1 0.980101 0.627778 0.029823 0.055556
1 0.745334 0.628704 0.051323 0.046296
1 0.832721 0.570648 0.049936 0.060185
1 0.896528 0.574352 0.043000 0.054630
1 0.938141 0.566944 0.034678 0.060185
1 0.966923 0.502130 0.036758 0.069444
1 0.931552 0.497963 0.038145 0.064815
1 0.834455 0.514630 0.036758 0.053704
1 0.703374 0.577130 0.035371 0.073148
1 0.663842 0.624815 0.053403 0.042593
1 0.624309 0.630370 0.021500 0.040741
1 0.613559 0.581481 0.044387 0.060741
1 0.890980 0.454444 0.027742 0.055556
1 0.853528 0.460926 0.051323 0.057407
1 0.807753 0.464630 0.044387 0.050000
1 0.949931 0.401204 0.054097 0.058333
1 0.900342 0.397500 0.039532 0.041667
1 0.914907 0.345648 0.082533 0.045370
1 0.860117 0.348426 0.028436 0.037963
1 0.824399 0.351204 0.031903 0.052778
1 0.766140 0.357222 0.051323 0.053704
1 0.723487 0.358611 0.047855 0.047222
1 0.739786 0.409074 0.043000 0.048148
1 0.763019 0.470648 0.060339 0.073148
1 0.769261 0.510463 0.049242 0.047222
1 0.730769 0.514167 0.031903 0.039815
1 0.748455 0.575741 0.049242 0.061111
1 0.886818 0.287037 0.054097 0.068519
1 0.936754 0.279167 0.044387 0.071296
1 0.832028 0.284259 0.036065 0.064815
1 0.789374 0.285185 0.052016 0.094444
1 0.743600 0.295833 0.022887 0.075000
1 0.705108 0.303241 0.051323 0.071296
1 0.723834 0.244907 0.037452 0.041667
1 0.929818 0.186111 0.033290 0.057407
1 0.885431 0.179167 0.049936 0.086111
1 0.842431 0.161111 0.036065 0.081481
1 0.812262 0.200926 0.035371 0.064815
1 0.781745 0.204630 0.033984 0.066667
1 0.743947 0.173611 0.051323 0.095370
1 0.691931 0.167130 0.037452 0.041667
1 0.648237 0.300926 0.040226 0.046296
1 0.361939 0.216667 0.040226 0.059259
1 0.563069 0.214815 0.038839 0.059259
1 0.602948 0.214352 0.025661 0.058333
1 0.584569 0.160648 0.054097 0.047222
1 0.517641 0.229167 0.052016 0.056481
1 0.478802 0.242130 0.040919 0.041667
1 0.447593 0.277778 0.046468 0.062963
1 0.480883 0.312963 0.036758 0.075926
1 0.515561 0.312037 0.025661 0.090741
1 0.554399 0.303704 0.029823 0.087037
1 0.598093 0.297222 0.050629 0.083333
1 0.524923 0.424074 0.023581 0.053704
1 0.493020 0.426389 0.034678 0.043519
1 0.458343 0.435185 0.040226 0.048148
1 0.466318 0.385185 0.032597 0.038889
1 0.513133 0.385185 0.044387 0.042593
1 0.548504 0.378704 0.029129 0.042593
1 0.546077 0.430093 0.033984 0.037963
1 0.577633 0.424537 0.027742 0.049074
1 0.581101 0.466204 0.034678 0.065741
1 0.548157 0.473148 0.027048 0.070370
1 0.521456 0.470833 0.037452 0.036111
1 0.488859 0.470370 0.033290 0.051852
1 0.446552 0.478704 0.044387 0.046296
1 0.395923 0.475000 0.051323 0.042593
1 0.454875 0.538426 0.029129 0.034259
1 0.426093 0.528241 0.024274 0.039815
1 0.387254 0.525926 0.046468 0.038889
1 0.474502 0.582130 0.040919 0.056481
1 0.510567 0.582593 0.032597 0.048148
1 0.545591 0.578889 0.036065 0.048148
1 0.570559 0.587685 0.033290 0.060185
1 0.503978 0.628426 0.031903 0.034259
1 0.534148 0.636296 0.025661 0.042593
1 0.610438 0.515000 0.038145 0.050000
1 0.559116 0.520093 0.047855 0.054630
1 0.509873 0.527500 0.035371 0.049074
1 0.647543 0.496481 0.026355 0.064815
1 0.666616 0.447407 0.029823 0.064815
1 0.642688 0.390463 0.034678 0.054630
1 0.608358 0.415463 0.035371 0.054630
1 0.345700 0.278704 0.030598 0.048475
1 0.384253 0.279248 0.027742 0.041939
1 0.336929 0.326634 0.017951 0.048475
1 0.347332 0.387636 0.025702 0.059368
1 0.312450 0.297222 0.027742 0.057190