1 0.670924 0.805556 0.098105 0.274074
1 0.758667 0.778704 0.080142 0.268519
1 0.838809 0.739815 0.107778 0.335185
1 0.968695 0.640741 0.058034 0.229630
1 0.965694 0.861111 0.068612 0.185185
1 0.530675 0.435185 0.080142 0.159259
1 0.475405 0.388889 0.049744 0.125926
1 0.416679 0.382407 0.059416 0.138889
1 0.371081 0.375926 0.056652 0.122222
1 0.056691 0.625926 0.113382 0.096296
1 0.648816 0.610185 0.075997 0.124074
1 0.572819 0.633333 0.064943 0.177778
1 0.708923 0.390741 0.055271 0.122222
1 0.136181 0.371296 0.048362 0.090741