1 0.359862 0.759338 0.190637 0.129646
1 0.611625 0.757966 0.229257 0.133974
1 0.631155 0.243229 0.203827 0.138700
1 0.879024 0.575259 0.212345 0.129582
1 0.591014 0.581370 0.214981 0.124867
1 0.865817 0.916686 0.207363 0.129758
1 0.112246 0.245496 0.223173 0.145899
1 0.373259 0.412906 0.233564 0.148582
1 0.110967 0.577983 0.214830 0.125734
1 0.889506 0.262019 0.220987 0.109224
1 0.610630 0.912607 0.227985 0.133976
1 0.114040 0.405851 0.228080 0.152442
1 0.391707 0.246316 0.181796 0.142567
1 0.631746 0.078518 0.205481 0.143973
1 0.365109 0.577156 0.164153 0.129012
1 0.637942 0.410335 0.217163 0.145997
1 0.120856 0.943519 0.224599 0.112962
1 0.126203 0.858333 0.213904 0.068519
1 0.826738 0.756481 0.139037 0.164815
1 0.943048 0.763889 0.088235 0.175926
1 0.368182 0.885185 0.200535 0.096296
1 0.369519 0.956481 0.192513 0.075926
1 0.402941 0.076852 0.232620 0.153704