1 0.436053 0.851114 0.229891 0.297772
1 0.745571 0.257879 0.156201 0.290020
1 0.516188 0.531514 0.190693 0.341754
1 0.051753 0.257839 0.102087 0.277820
1 0.913586 0.531211 0.170265 0.336323
1 0.789279 0.850388 0.200218 0.297336
1 0.935294 0.862979 0.128237 0.274042
1 0.790851 0.531722 0.119027 0.344208
1 0.294901 0.237990 0.138262 0.296516
1 0.681101 0.525945 0.138822 0.335201
1 0.594467 0.268358 0.149716 0.276235
1 0.102008 0.834974 0.200254 0.324929
1 0.333482 0.504109 0.177339 0.404514
1 0.260549 0.856025 0.152207 0.287950
1 0.052755 0.068354 0.102447 0.136649
1 0.168096 0.264118 0.133797 0.255709
1 0.157303 0.530374 0.201742 0.335355
1 0.880290 0.244272 0.112723 0.231887
1 0.135047 0.069942 0.099374 0.136298
1 0.641542 0.092993 0.117341 0.181026
1 0.347022 0.083250 0.122835 0.163790
1 0.457512 0.259168 0.149069 0.289269
1 0.520965 0.064376 0.167485 0.128687