1 0.802712 0.259853 0.129253 0.219707
1 0.344353 0.338978 0.139244 0.100177
1 0.648459 0.178309 0.152141 0.228567
1 0.676469 0.785185 0.377091 0.429630
1 0.163206 0.855556 0.117071 0.155556
1 0.238378 0.459259 0.109677 0.177778
1 0.141024 0.440741 0.094889 0.174074
1 0.039396 0.423148 0.078792 0.187037
1 0.255630 0.270370 0.099818 0.185185
1 0.316014 0.087963 0.144182 0.175926
1 0.185388 0.100926 0.119535 0.201852
1 0.864113 0.081481 0.271774 0.162962
1 0.503943 0.079630 0.162667 0.159259
1 0.393034 0.224074 0.093657 0.166667
1 0.649974 0.355556 0.122000 0.211111
1 0.957154 0.617593 0.085692 0.238889
1 0.102244 0.579630 0.204488 0.125926
1 0.108368 0.282407 0.182384 0.131481