1 0.765738 0.728143 0.176369 0.201935
1 0.364392 0.779157 0.114653 0.216203
1 0.344601 0.581633 0.120207 0.170846
1 0.930427 0.627964 0.127225 0.229596
1 0.673890 0.575495 0.105138 0.186734
1 0.255416 0.570022 0.109923 0.163685
1 0.374710 0.381058 0.182058 0.215604
1 0.671102 0.271186 0.142008 0.196086
1 0.511368 0.601287 0.194106 0.214838
1 0.215127 0.717056 0.139596 0.178408
1 0.817043 0.713767 0.098525 0.200954
1 0.738043 0.381427 0.094659 0.133261
1 0.762074 0.534079 0.108902 0.197561
1 0.448795 0.276427 0.100735 0.129331
1 0.670637 0.327512 0.086085 0.153739
1 0.861675 0.347198 0.100236 0.110617
1 0.566274 0.753107 0.103774 0.179987
1 0.538561 0.413756 0.102594 0.194986