1 0.935608 0.692440 0.074571 0.109219
1 0.339400 0.760306 0.095091 0.191823
1 0.338648 0.510563 0.099864 0.197489
1 0.354568 0.953704 0.076543 0.092592
1 0.409506 0.189815 0.048148 0.116667
1 0.476790 0.187037 0.049383 0.114815
1 0.556420 0.197222 0.062963 0.109259
1 0.628025 0.149074 0.040741 0.090741
1 0.709506 0.105556 0.053086 0.085185
1 0.776790 0.249074 0.059259 0.142593
1 0.711358 0.299074 0.049383 0.098148
1 0.664444 0.261111 0.037037 0.111111
1 0.586667 0.296296 0.044444 0.100000
1 0.507037 0.309259 0.050617 0.100000
1 0.452099 0.303704 0.061728 0.118519
1 0.531111 0.466667 0.106173 0.077778
1 0.718148 0.570370 0.067901 0.074074
1 0.631111 0.572222 0.106173 0.085185
1 0.529259 0.577778 0.070370 0.074074