1 0.336961 0.223191 0.116520 0.176536
1 0.471416 0.111207 0.199427 0.197803
1 0.123762 0.096885 0.170400 0.191338
1 0.263328 0.107943 0.136001 0.204042
1 0.370766 0.866888 0.132215 0.261895
1 0.947891 0.161929 0.104218 0.273845
1 0.554557 0.720859 0.116019 0.289330
1 0.205744 0.303415 0.159486 0.189363
1 0.657032 0.533843 0.101502 0.330594
1 0.641466 0.863614 0.136977 0.271043
1 0.213090 0.654776 0.156840 0.419053
1 0.808019 0.515793 0.148585 0.317975
1 0.622288 0.222625 0.170991 0.445249
1 0.050236 0.617925 0.100472 0.307446
1 0.750825 0.719003 0.140330 0.193733
1 0.338679 0.636877 0.108491 0.138982
1 0.772641 0.265204 0.141509 0.153723