1 0.501415 0.790600 0.106132 0.185310
1 0.689505 0.900101 0.064858 0.147406
1 0.553891 0.915305 0.119104 0.169390
1 0.415330 0.919517 0.141509 0.160966
1 0.306840 0.631612 0.091981 0.120030
1 0.378774 0.617925 0.049528 0.126348
1 0.473113 0.607396 0.091981 0.227426
1 0.790330 0.586338 0.049528 0.084232
1 0.940094 0.753748 0.075472 0.157935
1 0.849292 0.785335 0.077830 0.124242
1 0.145283 0.863250 0.162736 0.145300
1 0.108137 0.735849 0.093160 0.117925
1 0.108726 0.593708 0.077830 0.128454
1 0.207783 0.641088 0.082547 0.105290
1 0.194811 0.721108 0.080189 0.096867
1 0.293278 0.740061 0.095519 0.105290
1 0.284434 0.833769 0.089623 0.086338
1 0.262618 0.951103 0.119104 0.097793
1 0.118750 0.955315 0.126179 0.089370
1 0.192453 0.466307 0.051887 0.109501
1 0.708373 0.755854 0.156840 0.153723