1 0.140650 0.515163 0.069231 0.120076
1 0.587559 0.831715 0.071882 0.134958
1 0.646090 0.831416 0.067815 0.132154
1 0.145303 0.687074 0.072449 0.124109
1 0.799116 0.145265 0.101475 0.119978
1 0.783713 0.813779 0.107911 0.123409
1 0.861268 0.817529 0.073751 0.102453
1 0.127975 0.184877 0.051789 0.124220
1 0.428919 0.496347 0.093343 0.121905
1 0.762493 0.646719 0.140512 0.128460
1 0.379037 0.175519 0.096699 0.107181
1 0.635552 0.169695 0.067507 0.090447
1 0.704772 0.826433 0.084504 0.117337
1 0.796038 0.307458 0.053721 0.118924
1 0.689749 0.154793 0.052258 0.107902
1 0.667772 0.651580 0.053952 0.127835
1 0.408980 0.666728 0.070442 0.143125
1 0.486553 0.333867 0.069350 0.105450
1 0.358412 0.503905 0.060220 0.117973
1 0.394090 0.335589 0.066180 0.113940
1 0.670041 0.483343 0.138542 0.117709
1 0.304744 0.505430 0.069132 0.124266
1 0.125976 0.351394 0.045513 0.115996
1 0.722991 0.322385 0.099442 0.096070
1 0.567310 0.323634 0.052640 0.116179
1 0.341604 0.343635 0.048146 0.101904
1 0.716369 0.479669 0.110556 0.113124
1 0.339844 0.675823 0.061173 0.137368
1 0.288620 0.664610 0.039800 0.120547
1 0.242556 0.677926 0.050855 0.119145
1 0.203641 0.685635 0.050855 0.134564
1 0.197376 0.507618 0.050118 0.114940
1 0.171212 0.353430 0.052329 0.114940
1 0.169369 0.186346 0.047170 0.112137
1 0.219487 0.197560 0.050118 0.156992
1 0.264077 0.187748 0.062647 0.126154
1 0.314195 0.192654 0.042011 0.113539
1 0.260392 0.355953 0.049381 0.109333
1 0.302771 0.351748 0.045696 0.126154
1 0.436542 0.340534 0.039062 0.123351
1 0.487397 0.166021 0.053803 0.127556
1 0.520563 0.117662 0.077388 0.126154
1 0.467202 0.657181 0.052329 0.141573
1 0.532429 0.664189 0.044222 0.119145
1 0.578862 0.660685 0.044222 0.134564
1 0.624926 0.660685 0.042011 0.145778
1 0.579231 0.488975 0.043485 0.138769
1 0.515478 0.496685 0.085495 0.112137
1 0.614976 0.327919 0.039800 0.126154
1 0.804761 0.474398 0.053803 0.141573
1 0.847509 0.478603 0.037588 0.121949
1 0.839402 0.312500 0.040537 0.126154