1 0.943415 0.162567 0.113170 0.276874
1 0.362285 0.866025 0.146556 0.263643
1 0.337640 0.217957 0.129376 0.193135
1 0.605361 0.270448 0.115754 0.338313
1 0.764020 0.265514 0.119708 0.163448
1 0.031572 0.899179 0.063144 0.147520
1 0.554418 0.716132 0.115898 0.278954
1 0.107821 0.070424 0.140249 0.137462
1 0.642814 0.861116 0.139153 0.277768
1 0.465108 0.107097 0.203157 0.202474
1 0.259925 0.110922 0.092961 0.188251
1 0.657665 0.537904 0.100236 0.252695
1 0.807429 0.514741 0.142689 0.320081
1 0.207783 0.315743 0.186321 0.195839
1 0.215448 0.647406 0.166274 0.433794
1 0.069811 0.530534 0.061321 0.170569
1 0.333373 0.642141 0.123821 0.115819