1 0.364987 0.077307 0.142434 0.145716
1 0.589590 0.077203 0.176222 0.154406
1 0.756149 0.887560 0.121337 0.219597
1 0.258711 0.457299 0.108444 0.229413
1 0.826812 0.515024 0.142949 0.241159
1 0.946429 0.760224 0.102234 0.203704
1 0.501479 0.784259 0.332727 0.431481
1 0.701731 0.569444 0.107212 0.261111
1 0.808327 0.727778 0.152808 0.255556
1 0.766428 0.313889 0.147879 0.205556
1 0.930042 0.193519 0.139915 0.224074
1 0.763964 0.105556 0.182384 0.211111
1 0.633954 0.264815 0.119535 0.240741
1 0.393650 0.340741 0.129394 0.162963
1 0.300610 0.232407 0.130626 0.201852
1 0.218044 0.092593 0.150343 0.185185
1 0.117610 0.212037 0.213192 0.183333
1 0.049871 0.387037 0.099741 0.211111
1 0.162590 0.401852 0.133091 0.177778
1 0.198327 0.875000 0.103515 0.205556
1 0.303691 0.916667 0.082566 0.166666
1 0.113913 0.903704 0.114606 0.192592
1 0.141024 0.696296 0.240303 0.151852
1 0.112065 0.584259 0.216889 0.161111