1 0.537959 0.142065 0.043365 0.073236
1 0.410998 0.131057 0.043650 0.070990
1 0.491375 0.138517 0.042496 0.069891
1 0.627376 0.155717 0.052338 0.076715
1 0.580770 0.150112 0.044515 0.077576
1 0.454406 0.137465 0.046032 0.068052
1 0.376543 0.124703 0.037815 0.066230
1 0.601166 0.278777 0.078970 0.088060
1 0.592906 0.407114 0.058353 0.087629
1 0.385003 0.239901 0.067706 0.073086
1 0.362915 0.236160 0.051314 0.069471
1 0.462141 0.374242 0.048471 0.079125
1 0.525267 0.259282 0.036449 0.084894
1 0.430111 0.363889 0.046766 0.087037
1 0.390489 0.347222 0.061056 0.072222
1 0.343723 0.346296 0.035075 0.088889
1 0.484014 0.254293 0.042515 0.085017
1 0.443862 0.255556 0.036610 0.090909
1 0.507338 0.384764 0.057277 0.079966
1 0.546605 0.392340 0.057867 0.096801
1 0.581149 0.532492 0.066724 0.082492
1 0.535681 0.508502 0.053734 0.090067
1 0.492281 0.496717 0.061410 0.093434
1 0.448881 0.485354 0.063182 0.095960
1 0.323698 0.450000 0.070267 0.072391
1 0.365032 0.468098 0.067905 0.076599
1 0.404299 0.476094 0.067315 0.087542
1 0.308051 0.559428 0.072039 0.069024
1 0.350270 0.576684 0.067905 0.073232
1 0.383337 0.582997 0.063182 0.079125
1 0.425852 0.606987 0.078534 0.073232
1 0.468662 0.620455 0.076763 0.073232
1 0.508519 0.636027 0.069086 0.090909
1 0.557234 0.660017 0.060229 0.096801