1 0.231963 0.699576 0.153792 0.248206
1 0.844363 0.079785 0.285337 0.159467
1 0.436169 0.735668 0.228721 0.249349
1 0.639568 0.401384 0.203569 0.219855
1 0.319791 0.340138 0.195855 0.262037
1 0.191539 0.337739 0.175371 0.242385
1 0.094622 0.692193 0.175567 0.209481
1 0.518773 0.371300 0.178012 0.226380
1 0.737327 0.765142 0.256356 0.269133
1 0.580918 0.071402 0.232195 0.142804
1 0.772523 0.418217 0.183729 0.212465
1 0.921128 0.425000 0.157744 0.268519
1 0.925878 0.778704 0.148244 0.272222
1 0.333350 0.051852 0.282273 0.103704