1 0.087222 0.242593 0.174444 0.148148
1 0.250370 0.231481 0.185185 0.148148
1 0.415185 0.224074 0.155556 0.151852
1 0.455926 0.371296 0.218519 0.135185
1 0.280000 0.392593 0.166667 0.162963
1 0.099444 0.412037 0.198148 0.194444
1 0.126296 0.585185 0.203704 0.148148
1 0.335556 0.558333 0.225926 0.157407
1 0.506852 0.516667 0.220370 0.140741
1 0.566111 0.669444 0.164815 0.124074
1 0.289259 0.693519 0.170370 0.094444
1 0.113148 0.728704 0.226296 0.124074
1 0.121481 0.908333 0.242962 0.183333
1 0.342963 0.825000 0.259259 0.127778