1 0.449528 0.878664 0.233491 0.242671
1 0.512618 0.651370 0.090802 0.136233
1 0.428891 0.681644 0.081368 0.102175
1 0.404717 0.570009 0.084906 0.105959
1 0.481368 0.527436 0.084906 0.119204
1 0.604599 0.600282 0.079009 0.166507
1 0.767925 0.936374 0.117925 0.127252
1 0.898821 0.925967 0.120283 0.148065
1 0.670637 0.794225 0.123821 0.134341
1 0.816863 0.677860 0.123821 0.170291
1 0.244340 0.329709 0.063679 0.087038
1 0.294458 0.560548 0.102594 0.128664
1 0.302123 0.736515 0.103774 0.185428
1 0.170637 0.583253 0.086085 0.128664
1 0.122877 0.422423 0.115566 0.079469