0 0.464269 0.820081 0.145047 0.311658
0 0.305071 0.787441 0.152123 0.301129
0 0.177123 0.625295 0.155660 0.267436
0 0.172406 0.870030 0.183962 0.259939
0 0.542689 0.602131 0.143868 0.254801
0 0.711321 0.544222 0.155660 0.231637
0 0.810967 0.890035 0.178066 0.219929
0 0.928184 0.854237 0.143632 0.291526
0 0.800943 0.709527 0.129717 0.145300
0 0.656486 0.736902 0.133255 0.195839
0 0.678302 0.895300 0.160377 0.209400
0 0.318632 0.371546 0.146226 0.248484
0 0.395873 0.250463 0.112028 0.124242
0 0.256722 0.195713 0.126179 0.090549
0 0.339858 0.169390 0.096698 0.075809