0 0.042361 0.555934 0.084722 0.333570
0 0.138004 0.595254 0.140998 0.344652
0 0.105644 0.290341 0.135346 0.328718
0 0.286135 0.890428 0.160369 0.218430
0 0.342493 0.317672 0.161846 0.400881
0 0.259893 0.661477 0.136214 0.335011
0 0.393410 0.662952 0.161389 0.368495
0 0.432293 0.907386 0.174705 0.185228
0 0.222317 0.327467 0.129094 0.345142
0 0.049434 0.835419 0.098868 0.270491
0 0.148231 0.875295 0.140330 0.249410
0 0.559198 0.672675 0.183962 0.416947
0 0.518514 0.344171 0.180425 0.345350
0 0.635849 0.295738 0.113208 0.315869
0 0.662972 0.622136 0.125000 0.353774
0 0.701297 0.894837 0.142689 0.195839