0 0.713247 0.562187 0.142290 0.212997
0 0.923196 0.842275 0.149520 0.285507
0 0.800622 0.877438 0.182081 0.240865
0 0.310472 0.787436 0.167665 0.301165
0 0.805975 0.722018 0.135728 0.158768
0 0.426758 0.923083 0.163563 0.151629
0 0.070418 0.833883 0.140836 0.226759
0 0.188325 0.863312 0.182783 0.273376
0 0.187146 0.608161 0.137972 0.261647
0 0.160613 0.446435 0.129717 0.181299
0 0.285024 0.548415 0.109670 0.170998
0 0.461321 0.803881 0.139151 0.294610
0 0.687146 0.885974 0.156840 0.228052
0 0.548585 0.598890 0.139151 0.238984
0 0.536203 0.450555 0.147406 0.156576
0 0.328656 0.371237 0.114387 0.241045