0 0.495493 0.196751 0.157899 0.230919
0 0.474570 0.762423 0.245374 0.253052
0 0.359646 0.425236 0.185164 0.298793
0 0.504387 0.556375 0.174557 0.246494
0 0.692044 0.698325 0.225686 0.331640
0 0.376707 0.250523 0.144993 0.209846
0 0.178161 0.468414 0.198207 0.429728
0 0.312499 0.668312 0.214920 0.365824
0 0.240962 0.243625 0.159056 0.291394
0 0.644104 0.445249 0.165094 0.286388
0 0.801533 0.554751 0.145047 0.269542
0 0.792099 0.356806 0.126179 0.294811
0 0.670637 0.216771 0.201651 0.309552
0 0.526179 0.336801 0.176887 0.271648