0 0.622529 0.739337 0.247493 0.293361
0 0.828986 0.552490 0.338536 0.350962
0 0.670610 0.302505 0.250359 0.266667
0 0.575128 0.119024 0.215553 0.238048
0 0.376942 0.469798 0.182521 0.195118
0 0.429247 0.669837 0.212575 0.233215
0 0.481112 0.312465 0.169245 0.228490
0 0.552773 0.513558 0.201366 0.222311
0 0.392335 0.117798 0.159198 0.195839
0 0.313915 0.293632 0.174528 0.181098
0 0.174764 0.291526 0.120283 0.181098
0 0.221934 0.461043 0.132075 0.166358
0 0.260259 0.628454 0.161557 0.202156
0 0.128774 0.598972 0.120283 0.164252
0 0.096344 0.441038 0.145047 0.176887