0 0.442395 0.555556 0.046974 0.059259
0 0.331141 0.513889 0.096420 0.142593
0 0.344136 0.477841 0.060360 0.069288
0 0.577705 0.436743 0.065611 0.063577
0 0.642580 0.505509 0.061190 0.072502
0 0.426670 0.345822 0.106315 0.071894
0 0.416436 0.282407 0.079114 0.061111
0 0.273041 0.232407 0.059336 0.050000
0 0.188982 0.366667 0.054391 0.048148
0 0.258207 0.395370 0.049446 0.072222
0 0.595679 0.792593 0.066753 0.059259
0 0.711878 0.814815 0.046974 0.062963
0 0.836730 0.926852 0.084059 0.090741
0 0.966526 0.834259 0.056863 0.068519
0 0.975179 0.436111 0.049446 0.061111
0 0.915844 0.428704 0.039557 0.057407