0 0.222524 0.541200 0.043632 0.073949
0 0.207193 0.627825 0.029481 0.082400
0 0.243750 0.688040 0.031840 0.088738
0 0.274410 0.772553 0.034198 0.084513
0 0.308608 0.777835 0.036557 0.073949
0 0.182429 0.648953 0.029481 0.103528
0 0.108137 0.608810 0.036557 0.061272
0 0.128184 0.559159 0.029481 0.076061
0 0.097524 0.521128 0.031840 0.084513
0 0.172995 0.469364 0.050708 0.111979
0 0.071580 0.366893 0.036557 0.088738
0 0.108726 0.383795 0.033019 0.084513
0 0.095755 0.268647 0.033019 0.095077
0 0.234316 0.178852 0.050708 0.114092
0 0.364623 0.553877 0.035377 0.086625
0 0.415920 0.578174 0.024764 0.080287
0 0.452476 0.622543 0.036557 0.097189
0 0.482547 0.761989 0.037736 0.076061
0 0.519104 0.613036 0.037736 0.082400
0 0.493750 0.476759 0.041274 0.088738
0 0.470755 0.422882 0.035377 0.073949
0 0.424175 0.049283 0.057783 0.098565
0 0.602830 0.279211 0.035377 0.078174
0 0.650590 0.306677 0.043632 0.086625
0 0.569811 0.525354 0.042453 0.080287
0 0.637028 0.609866 0.035377 0.076061
0 0.614033 0.691210 0.038915 0.065497
0 0.648821 0.712338 0.033019 0.073949
0 0.594415 0.725478 0.028622 0.056119
0 0.702577 0.706851 0.037062 0.071685
0 0.730585 0.741938 0.026533 0.064894
0 0.752695 0.651766 0.035377 0.076212
0 0.801971 0.518206 0.036220 0.094322
0 0.773964 0.538203 0.029060 0.079985
0 0.588353 0.077445 0.032656 0.100765
0 0.318033 0.215590 0.045356 0.100765
0 0.395138 0.437436 0.032656 0.095889
0 0.021045 0.123276 0.034470 0.078012