0 0.178140 0.834533 0.207788 0.325197
0 0.917709 0.823072 0.164582 0.345473
0 0.568853 0.834598 0.172331 0.316463
0 0.669361 0.610165 0.180222 0.460325
0 0.396090 0.846038 0.195055 0.299055
0 0.749679 0.835254 0.185280 0.318540
0 0.712478 0.248403 0.223442 0.479736
0 0.298494 0.622610 0.180590 0.388741
0 0.484183 0.590726 0.193124 0.378575
0 0.853420 0.558962 0.199292 0.383255
0 0.905896 0.314690 0.172170 0.395889
0 0.507901 0.262045 0.201651 0.425371
0 0.302123 0.302055 0.216981 0.421159
0 0.144104 0.574756 0.162736 0.389572