0 0.583760 0.481839 0.159975 0.216467
0 0.865110 0.840345 0.139078 0.281102
0 0.233770 0.299518 0.112359 0.230568
0 0.241195 0.496231 0.156106 0.241435
0 0.403841 0.298547 0.131060 0.198778
0 0.087248 0.721578 0.164205 0.228492
0 0.570706 0.692761 0.144625 0.251410
0 0.703131 0.294563 0.137863 0.277061
0 0.383836 0.501764 0.155074 0.226229
0 0.099882 0.320398 0.154481 0.201919
0 0.091038 0.518066 0.162736 0.235927
0 0.236675 0.702982 0.154481 0.227425
0 0.387618 0.696606 0.133255 0.223174
0 0.381132 0.881521 0.155660 0.231676
0 0.239033 0.884709 0.133255 0.208296
0 0.088679 0.911278 0.160377 0.172163
0 0.849292 0.629653 0.150943 0.242303
0 0.854009 0.422420 0.132075 0.227425
0 0.854009 0.221564 0.132075 0.250805
0 0.687736 0.709358 0.150943 0.197668
0 0.719575 0.512753 0.155660 0.246554
0 0.578066 0.283202 0.146226 0.216798
0 0.712500 0.874082 0.160377 0.225299