0 0.622529 0.739337 0.247493 0.293361
0 0.914528 0.358553 0.170944 0.191357
0 0.828986 0.552490 0.338536 0.350962
0 0.670610 0.302505 0.250359 0.266667
0 0.575128 0.119024 0.215553 0.238048
0 0.376942 0.469798 0.182521 0.195118
0 0.429247 0.669837 0.212575 0.233215
0 0.481112 0.312465 0.169245 0.228490
0 0.552773 0.513558 0.201366 0.222311
0 0.869340 0.834821 0.250000 0.311658
0 0.251415 0.614766 0.165094 0.183204
0 0.223703 0.453673 0.140330 0.151617
0 0.318042 0.296791 0.166274 0.195839
0 0.175943 0.291526 0.129717 0.176887
0 0.091627 0.291526 0.083726 0.126348
0 0.094575 0.447355 0.139151 0.172675