0 0.627346 0.618327 0.094112 0.132259
0 0.497655 0.460370 0.086298 0.134243
0 0.324483 0.258675 0.087865 0.109256
0 0.189500 0.569468 0.087397 0.187075
0 0.258703 0.594590 0.088843 0.152444
0 0.400681 0.410963 0.093835 0.146456
0 0.344381 0.706594 0.081427 0.175955
0 0.429414 0.722905 0.091752 0.148741
0 0.199474 0.383424 0.097927 0.216771
0 0.445408 0.573148 0.087495 0.142593
0 0.512570 0.692593 0.086263 0.137037
0 0.576034 0.720370 0.067778 0.159259
0 0.674004 0.742593 0.086263 0.137037
0 0.772590 0.865741 0.098586 0.175926
0 0.879186 0.525926 0.075172 0.133333
0 0.813873 0.381481 0.072707 0.111111