0 0.522052 0.398978 0.177446 0.284947
0 0.924918 0.132024 0.147828 0.264048
0 0.706260 0.235696 0.219596 0.298218
0 0.281452 0.274192 0.236505 0.253337
0 0.534757 0.780124 0.192295 0.251115
0 0.471474 0.131990 0.191741 0.249244
0 0.135116 0.084059 0.180695 0.164983
0 0.310245 0.094444 0.194194 0.188888
0 0.377519 0.683333 0.176162 0.300000
0 0.115357 0.372222 0.217775 0.266667
0 0.073283 0.565741 0.146566 0.290741
0 0.300535 0.511111 0.233033 0.259259
0 0.641762 0.613889 0.202517 0.238889
0 0.754810 0.454630 0.192807 0.261111
0 0.904617 0.466667 0.187259 0.266667
0 0.860230 0.712037 0.153968 0.264815
0 0.736778 0.807407 0.181710 0.207407
0 0.380987 0.893519 0.238581 0.212962
0 0.184018 0.764815 0.188646 0.322222
0 0.080679 0.855556 0.148420 0.214815