0 0.361849 0.792478 0.175494 0.174139
0 0.472383 0.575000 0.151363 0.157407
0 0.618435 0.625000 0.143396 0.231481
0 0.521509 0.773148 0.127463 0.175926
0 0.651628 0.812037 0.148707 0.172222
0 0.770461 0.811111 0.139413 0.185185
0 0.904563 0.846296 0.147379 0.177778
0 0.917177 0.687963 0.114186 0.205556
0 0.826226 0.679630 0.102236 0.159259
0 0.864731 0.519444 0.168623 0.175926
0 0.899252 0.360185 0.123480 0.168519
0 0.927135 0.195370 0.091614 0.161111
0 0.830873 0.222222 0.106219 0.229630
0 0.730629 0.307407 0.165968 0.129630
0 0.758512 0.459259 0.134102 0.181481
0 0.641006 0.455556 0.092942 0.181481
0 0.589888 0.346296 0.131447 0.181481
0 0.484333 0.192593 0.122152 0.192593
0 0.404004 0.308333 0.123480 0.216667
0 0.342928 0.225000 0.147379 0.201852
0 0.311726 0.390741 0.100908 0.166667
0 0.266583 0.554630 0.122152 0.201852
0 0.231398 0.724074 0.099581 0.185185
0 0.192229 0.393519 0.119497 0.198148
0 0.131153 0.515741 0.124808 0.157407