0 0.462281 0.315049 0.085364 0.225347
0 0.589175 0.768794 0.130505 0.258407
0 0.363333 0.309259 0.111111 0.262963
0 0.261481 0.273148 0.088889 0.231481
0 0.120741 0.255556 0.111111 0.244444
0 0.163333 0.402778 0.111111 0.227778
0 0.330926 0.487037 0.098148 0.222222
0 0.651296 0.569444 0.083333 0.194444
0 0.642037 0.346296 0.090741 0.207407
0 0.758704 0.178704 0.090741 0.183333
0 0.859630 0.448148 0.125926 0.266667
0 0.758704 0.610185 0.083333 0.198148
0 0.824444 0.656481 0.085185 0.194444
0 0.939259 0.797222 0.085185 0.172222