0 0.879533 0.447853 0.126050 0.187694
0 0.434712 0.818795 0.155365 0.168282
0 0.247329 0.706733 0.137859 0.226620
0 0.248174 0.429764 0.129548 0.213256
0 0.674262 0.155743 0.180635 0.244069
0 0.575559 0.864927 0.142672 0.207154
0 0.374712 0.445320 0.145887 0.224175
0 0.538641 0.142200 0.157089 0.243116
0 0.074492 0.678704 0.121679 0.205556
0 0.357488 0.599074 0.141959 0.179630
0 0.662607 0.312037 0.162239 0.201852
0 0.350114 0.115741 0.149333 0.231481
0 0.904122 0.135185 0.154864 0.214815
0 0.929937 0.270370 0.140125 0.185185
0 0.051073 0.323148 0.102146 0.250000