0 0.871927 0.347707 0.182071 0.242323
0 0.130748 0.076040 0.197830 0.150833
0 0.635835 0.669964 0.213437 0.454878
0 0.420635 0.413765 0.246189 0.293904
0 0.321371 0.828859 0.081537 0.117636
0 0.564320 0.274074 0.208309 0.296296
0 0.165975 0.294444 0.076745 0.122222
0 0.204348 0.375000 0.051164 0.098148
0 0.236325 0.485185 0.085882 0.122222
0 0.167802 0.564815 0.062127 0.151852
0 0.241807 0.614815 0.049336 0.088889
0 0.462906 0.687963 0.133391 0.224074
0 0.409002 0.816667 0.065782 0.103704
0 0.241807 0.787963 0.038373 0.083333
0 0.136739 0.741667 0.084054 0.172222
0 0.156839 0.881481 0.069436 0.107407
0 0.283834 0.938889 0.093191 0.122222
0 0.613656 0.935185 0.095018 0.129630
0 0.764406 0.932407 0.107809 0.135185