0 0.325873 0.457407 0.067778 0.162963
0 0.402059 0.412375 0.065423 0.191382
0 0.243517 0.299257 0.098752 0.182967
0 0.513398 0.529610 0.068492 0.182058
0 0.073508 0.287530 0.081304 0.186276
0 0.176762 0.384259 0.050525 0.194444
0 0.537216 0.357407 0.054222 0.140741
0 0.522428 0.709259 0.064081 0.174074
0 0.600065 0.728704 0.049293 0.183333
0 0.683246 0.677778 0.043131 0.118519
0 0.716519 0.608333 0.043131 0.090741
0 0.683863 0.505556 0.046828 0.133333
0 0.701731 0.322222 0.045596 0.100000
0 0.865014 0.624074 0.069010 0.137037
0 0.839751 0.733333 0.057919 0.137037