0 0.088034 0.648148 0.082566 0.133333
0 0.129933 0.479630 0.067778 0.151852
0 0.068317 0.296296 0.082566 0.151852
0 0.267954 0.530556 0.080101 0.138889
0 0.377014 0.673148 0.064081 0.120370
0 0.362842 0.537963 0.055455 0.109259
0 0.453418 0.565741 0.044364 0.098148
0 0.562479 0.706481 0.062848 0.109259
0 0.653671 0.476852 0.072707 0.116667
0 0.656751 0.382407 0.056687 0.120370
0 0.669075 0.125926 0.071475 0.125926
0 0.729459 0.358333 0.073939 0.127778
0 0.776903 0.269444 0.070242 0.109259
0 0.818802 0.164815 0.072707 0.114815
0 0.964832 0.401852 0.064081 0.100000
0 0.944499 0.527778 0.067778 0.107407
0 0.779984 0.430556 0.069010 0.127778
0 0.788988 0.534343 0.059376 0.090909
0 0.736054 0.523822 0.042011 0.091751
0 0.725411 0.645875 0.068898 0.096801
0 0.792629 0.667761 0.061056 0.096801
0 0.839681 0.670286 0.040891 0.078283
0 0.833520 0.581902 0.066657 0.085017
0 0.688442 0.817340 0.063297 0.085859