0 0.627757 0.618158 0.096046 0.132942
0 0.497709 0.459450 0.085312 0.133113
0 0.324362 0.258847 0.087553 0.109817
0 0.189380 0.569337 0.086889 0.186724
0 0.258444 0.593448 0.088415 0.147123
0 0.429427 0.723028 0.091595 0.148176
0 0.399514 0.410961 0.094965 0.142704
0 0.344402 0.706530 0.081578 0.175359
0 0.199101 0.383767 0.096959 0.215601
0 0.449721 0.580556 0.088727 0.157407
0 0.513802 0.690741 0.076404 0.114815
0 0.563711 0.731481 0.057919 0.151852
0 0.612388 0.774074 0.051758 0.170370
0 0.680782 0.756481 0.085030 0.161111
0 0.772590 0.870370 0.101051 0.170370
0 0.882267 0.527778 0.098586 0.125926
0 0.810792 0.383333 0.078869 0.122222