0 0.422610 0.804630 0.054222 0.094444
0 0.465741 0.796296 0.059152 0.111111
0 0.515650 0.765741 0.043131 0.109259
0 0.475600 0.624074 0.054222 0.107407
0 0.436782 0.566667 0.057919 0.107407
0 0.485459 0.457407 0.064081 0.133333
0 0.546459 0.542593 0.052990 0.129630
0 0.609307 0.512037 0.077636 0.131481
0 0.587125 0.600000 0.050525 0.103704
0 0.694337 0.372222 0.065313 0.096296
0 0.659832 0.293519 0.050525 0.112963
0 0.726378 0.246296 0.050525 0.137037
0 0.848378 0.283333 0.065313 0.092593
0 0.822499 0.126852 0.070242 0.105556
0 0.848378 0.033333 0.055455 0.066666
0 0.170600 0.445370 0.072707 0.120370
0 0.240226 0.897222 0.056687 0.112963
0 0.264873 0.839815 0.041899 0.094444