0 0.346934 0.685419 0.091981 0.197780
0 0.262028 0.557686 0.096698 0.144215
0 0.188325 0.490729 0.086085 0.146275
0 0.188325 0.369177 0.067217 0.138034
0 0.205425 0.252775 0.082547 0.127733
0 0.271462 0.098259 0.080189 0.119492
0 0.330425 0.180667 0.094340 0.127733
0 0.398231 0.338273 0.090802 0.138034
0 0.503184 0.416561 0.081368 0.166877
0 0.449528 0.549445 0.089623 0.189539
0 0.432429 0.723533 0.076651 0.170998
0 0.282665 0.752376 0.045991 0.113312
0 0.513208 0.691600 0.070755 0.168937
0 0.567453 0.718382 0.058962 0.164817
0 0.626415 0.584469 0.091981 0.160696
0 0.676533 0.729714 0.093160 0.138034
0 0.771462 0.894530 0.099057 0.208081
0 0.877005 0.489699 0.074292 0.160696
0 0.814505 0.323852 0.076651 0.162757
0 0.612854 0.763707 0.053066 0.201901