0 0.450869 0.719804 0.123940 0.132932
0 0.189600 0.583912 0.136966 0.121529
0 0.546929 0.460387 0.123597 0.137325
0 0.288721 0.256333 0.126479 0.111075
0 0.319672 0.697102 0.125618 0.158599
0 0.739439 0.617174 0.129978 0.135335
0 0.469222 0.573084 0.146291 0.164973
0 0.569779 0.690170 0.119043 0.141633
0 0.941575 0.873087 0.116850 0.166816
0 0.107192 0.332849 0.132060 0.120504
0 0.653727 0.717653 0.091254 0.136188
0 0.086829 0.565859 0.123978 0.173141
0 0.399538 0.409300 0.125055 0.134982
0 0.084378 0.426087 0.104995 0.121667
0 0.233565 0.754529 0.085033 0.096084
0 0.184060 0.190512 0.075452 0.101148
0 0.821159 0.735185 0.154864 0.137037