0 0.079292 0.756481 0.076291 0.120370
0 0.083453 0.618519 0.056871 0.096296
0 0.041147 0.575000 0.077678 0.116667
0 0.165292 0.680556 0.062420 0.090741
0 0.206905 0.711111 0.059645 0.081481
0 0.165986 0.795370 0.074903 0.101852
0 0.500277 0.908333 0.077678 0.127778
0 0.513455 0.805556 0.056871 0.092593
0 0.586278 0.837963 0.069355 0.098148
0 0.614020 0.727778 0.077678 0.114815
0 0.539810 0.675000 0.090162 0.116667
0 0.587665 0.587963 0.077678 0.124074
0 0.607778 0.488889 0.079065 0.118519
0 0.496810 0.454630 0.067968 0.094444
0 0.472535 0.358333 0.066581 0.109259
0 0.755504 0.519444 0.066581 0.101852
0 0.773536 0.671296 0.077678 0.157407
0 0.888666 0.600000 0.063807 0.129630
0 0.901843 0.457407 0.073516 0.111111
0 0.663955 0.831481 0.052710 0.066667
0 0.389309 0.862963 0.077678 0.122222