0 0.171216 0.387963 0.059152 0.120370
0 0.216812 0.237963 0.064081 0.109259
0 0.214964 0.373148 0.060384 0.079630
0 0.274731 0.325000 0.036970 0.072222
0 0.266721 0.412963 0.050525 0.100000
0 0.328337 0.526852 0.060384 0.120370
0 0.142873 0.228704 0.044364 0.094444
0 0.156428 0.125926 0.056687 0.103704
0 0.633337 0.140741 0.064081 0.100000
0 0.548923 0.512037 0.048061 0.109259
0 0.570489 0.630556 0.073939 0.131481
0 0.649358 0.484259 0.054222 0.112963
0 0.684479 0.556481 0.052990 0.087037
0 0.734388 0.374074 0.064081 0.111111
0 0.807711 0.528704 0.052990 0.112963
0 0.845913 0.551852 0.028343 0.096296
0 0.883499 0.557407 0.056687 0.100000
0 0.849610 0.633333 0.057919 0.111111
0 0.404125 0.638889 0.046828 0.111111
0 0.301226 0.650926 0.060384 0.105556
0 0.277196 0.777778 0.056687 0.088889