0 0.376132 0.830556 0.040226 0.072222
0 0.306083 0.912963 0.055484 0.085185
0 0.344228 0.953704 0.054097 0.077778
0 0.411503 0.959259 0.055484 0.081481
0 0.455890 0.913889 0.044387 0.079630
0 0.488487 0.870370 0.056871 0.092593
0 0.556455 0.818519 0.040226 0.070370
0 0.684762 0.525000 0.041613 0.079630
0 0.668117 0.459259 0.049936 0.066667
0 0.648004 0.532407 0.051323 0.046296
0 0.584891 0.512963 0.069355 0.051852
0 0.560616 0.466667 0.045774 0.044444
0 0.517616 0.436111 0.045774 0.031481
0 0.504439 0.508333 0.061032 0.050000
0 0.455890 0.546296 0.077678 0.044444
0 0.439938 0.610185 0.079065 0.031481
0 0.415664 0.700926 0.052710 0.050000
0 0.242970 0.495370 0.045774 0.042593
0 0.294448 0.487963 0.045464 0.061111
0 0.340378 0.481173 0.040226 0.054938
0 0.265012 0.456173 0.035602 0.048148
0 0.372050 0.472222 0.025893 0.037037
0 0.401642 0.462963 0.032366 0.037037
0 0.198662 0.496914 0.050860 0.040741
0 0.154275 0.484568 0.037914 0.048148
0 0.183636 0.450000 0.031903 0.048148
0 0.210684 0.408642 0.039764 0.045679
0 0.221781 0.459259 0.039764 0.040741