0 0.177123 0.134914 0.165094 0.269828
0 0.122288 0.378145 0.123821 0.248224
0 0.241391 0.378145 0.133255 0.248224
0 0.443632 0.252904 0.075472 0.200836
0 0.380542 0.181822 0.060142 0.139908
0 0.447170 0.098329 0.096698 0.108316
0 0.520283 0.223569 0.103774 0.196323
0 0.523821 0.365733 0.103774 0.164730
0 0.179481 0.753865 0.073113 0.137651
0 0.158844 0.856540 0.053066 0.126369
0 0.122877 0.747096 0.049528 0.133138
0 0.062736 0.769661 0.054245 0.155704
0 0.080425 0.912954 0.066038 0.130882
0 0.492571 0.809152 0.031840 0.063184
0 0.471344 0.843000 0.024764 0.081237
0 0.488443 0.720017 0.021226 0.069954
0 0.487028 0.630544 0.026415 0.059423
0 0.460259 0.580524 0.015330 0.049645
0 0.440998 0.602337 0.015330 0.060175
0 0.456329 0.647469 0.018475 0.063184
0 0.583097 0.640699 0.018868 0.091768
0 0.579560 0.789257 0.014151 0.045884
0 0.550668 0.786625 0.012186 0.034601
0 0.559120 0.730586 0.018868 0.074467
0 0.705149 0.847176 0.038129 0.095529
0 0.751140 0.866357 0.042846 0.094776
0 0.734434 0.949474 0.044811 0.095529
0 0.781604 0.925780 0.049528 0.081237
0 0.693160 0.739763 0.050314 0.094024
0 0.697877 0.658902 0.042453 0.093272
0 0.658176 0.548781 0.030660 0.081237
0 0.895008 0.538626 0.036557 0.088007
0 0.834277 0.619111 0.035377 0.086502
0 0.885181 0.427076 0.044418 0.090263
0 0.848821 0.409023 0.044811 0.088759
0 0.864741 0.300708 0.030267 0.081237
0 0.899135 0.292057 0.047170 0.104555
0 0.953577 0.360131 0.039701 0.076724
0 0.918003 0.382697 0.037736 0.093272