0 0.385259 0.406257 0.081368 0.176238
0 0.387028 0.541247 0.094340 0.149989
0 0.085731 0.269391 0.121462 0.236233
0 0.375825 0.750295 0.095519 0.174363
0 0.650590 0.223457 0.086085 0.226859
0 0.923585 0.221582 0.040094 0.095618
0 0.889387 0.215020 0.033019 0.112492
0 0.900590 0.386571 0.034198 0.091869
0 0.816863 0.537497 0.029481 0.082494
0 0.749057 0.484064 0.042453 0.084369
0 0.752594 0.554371 0.056604 0.108742
0 0.699528 0.585306 0.061321 0.136865
0 0.718986 0.921845 0.041274 0.146240
0 0.692453 0.791542 0.037736 0.080619