0 0.269178 0.628625 0.242456 0.395727
0 0.796365 0.436263 0.201370 0.305699
0 0.136753 0.151375 0.157654 0.301939
0 0.576585 0.827460 0.184900 0.334231
0 0.925202 0.677562 0.147130 0.386085
0 0.755682 0.755828 0.197885 0.376580
0 0.496835 0.498805 0.291780 0.353272
0 0.517638 0.071216 0.179292 0.139499
0 0.112720 0.511145 0.191562 0.375667
0 0.263795 0.363712 0.206406 0.232489
0 0.113407 0.839113 0.222667 0.313433
0 0.059896 0.284592 0.116887 0.333368
0 0.907224 0.193807 0.180440 0.299763
0 0.305071 0.148332 0.166274 0.265330
0 0.545637 0.252569 0.211085 0.254801
0 0.721344 0.151491 0.208726 0.296917
0 0.387618 0.870030 0.253538 0.259939