0 0.311531 0.309608 0.173925 0.240413
0 0.593918 0.294099 0.144737 0.250233
0 0.616425 0.765231 0.164355 0.220771
0 0.911540 0.693591 0.099233 0.153460
0 0.727199 0.689028 0.140384 0.261973
0 0.577658 0.537426 0.178491 0.253622
0 0.358793 0.583333 0.188646 0.307407
0 0.456584 0.390741 0.156742 0.277778
0 0.711117 0.481481 0.122065 0.222222
0 0.877569 0.518519 0.099871 0.122222
0 0.297067 0.847222 0.203904 0.268519
0 0.472535 0.816667 0.163678 0.262963
0 0.211760 0.718519 0.133162 0.222222
0 0.243664 0.488889 0.141484 0.233333
0 0.073283 0.614815 0.146566 0.244444
0 0.132696 0.409259 0.160904 0.255556