0 0.486125 0.384259 0.175584 0.309259
0 0.462182 0.620370 0.135064 0.218519
0 0.343080 0.577778 0.117874 0.207407
0 0.265111 0.650926 0.148571 0.175926
0 0.353516 0.787037 0.136292 0.185185
0 0.494720 0.800926 0.173128 0.179630
0 0.622417 0.704630 0.136292 0.272222
0 0.737836 0.678704 0.133837 0.216667
0 0.775900 0.487037 0.195229 0.177778
0 0.836065 0.312037 0.119102 0.153704
0 0.912192 0.673148 0.106824 0.212963
0 0.328345 0.369444 0.144887 0.227778
0 0.239940 0.303704 0.098229 0.177778
0 0.128204 0.312963 0.135064 0.225926
0 0.119609 0.619444 0.181723 0.279630
0 0.223977 0.476852 0.139976 0.168519
0 0.667234 0.327778 0.137520 0.181481