0 0.192341 0.358333 0.135936 0.238889
0 0.143792 0.177778 0.122065 0.177778
0 0.276954 0.183333 0.130388 0.188889
0 0.409422 0.215741 0.115129 0.190741
0 0.334519 0.387963 0.156742 0.187037
0 0.615407 0.312963 0.172001 0.266667
0 0.641762 0.125926 0.138710 0.192593
0 0.777698 0.115741 0.133162 0.161111
0 0.771456 0.308333 0.153968 0.309259
0 0.913634 0.286111 0.127613 0.242593
0 0.901843 0.108333 0.117904 0.138889
0 0.358100 0.657407 0.159517 0.151852
0 0.234647 0.734259 0.115129 0.131481
0 0.217309 0.885185 0.166452 0.155556
0 0.376132 0.813889 0.181710 0.161111
0 0.648004 0.635185 0.129000 0.196296
0 0.765214 0.663889 0.113742 0.164815
0 0.867859 0.650926 0.099871 0.190741
0 0.861617 0.845370 0.109581 0.190741
0 0.745794 0.850926 0.135936 0.187037