0 0.517240 0.828174 0.282626 0.332188
0 0.714493 0.276487 0.279999 0.346353
0 0.426314 0.189328 0.303328 0.362567
0 0.103605 0.876959 0.207210 0.246018
0 0.167032 0.146658 0.265608 0.274568
0 0.464328 0.492635 0.303849 0.333011
0 0.712904 0.567761 0.267442 0.315924
0 0.082427 0.417186 0.163484 0.278599
0 0.325314 0.805747 0.276514 0.343939
0 0.180464 0.605423 0.247011 0.280340
0 0.250348 0.360863 0.206745 0.251505
0 0.959461 0.163138 0.080975 0.245387
0 0.743966 0.052300 0.225849 0.102127
0 0.878864 0.767848 0.238705 0.267177
0 0.044964 0.706963 0.088844 0.251854
0 0.908992 0.397339 0.178954 0.238409
0 0.865867 0.116589 0.116864 0.226768