0 0.328501 0.644265 0.241719 0.334361
0 0.775555 0.464085 0.174428 0.246694
0 0.243004 0.525416 0.191120 0.243220
0 0.745810 0.786742 0.298075 0.370179
0 0.642085 0.340273 0.176773 0.238108
0 0.893429 0.549827 0.211679 0.296625
0 0.619721 0.557034 0.251461 0.269270
0 0.075366 0.591802 0.149746 0.224844
0 0.467045 0.763169 0.290588 0.329093
0 0.112146 0.766383 0.224292 0.254801
0 0.865802 0.316796 0.155660 0.189522
0 0.447170 0.424191 0.242925 0.168464
0 0.338090 0.335748 0.137972 0.172675
0 0.198939 0.376811 0.152123 0.187416