0 0.561963 0.395711 0.083245 0.137310
0 0.642086 0.426478 0.088109 0.138267
0 0.754855 0.767003 0.069744 0.122518
0 0.696108 0.736053 0.057802 0.095011
0 0.866691 0.505570 0.065833 0.107194
0 0.471837 0.293789 0.046041 0.080774
0 0.689409 0.890292 0.058579 0.083274
0 0.761052 0.899074 0.066581 0.094444
0 0.310938 0.496296 0.059645 0.088889
0 0.184018 0.381481 0.055484 0.096296
0 0.136163 0.374074 0.037452 0.111111
0 0.084147 0.439815 0.055484 0.083333
0 0.061260 0.533333 0.065194 0.070370
0 0.190260 0.616667 0.034678 0.044444
0 0.207599 0.697222 0.041613 0.061111
0 0.850520 0.391667 0.045774 0.094444
0 0.892134 0.348148 0.048549 0.103704