0 0.630608 0.608282 0.094683 0.157539
0 0.254204 0.572281 0.094567 0.148725
0 0.321604 0.187698 0.086752 0.127266
0 0.396499 0.368314 0.087640 0.164213
0 0.498505 0.427694 0.088540 0.159638
0 0.186265 0.518519 0.087963 0.144444
0 0.179321 0.381481 0.080247 0.125926
0 0.204012 0.275926 0.098765 0.151852
0 0.264198 0.115741 0.080247 0.138889
0 0.288889 0.769444 0.070988 0.120370
0 0.342901 0.695370 0.080247 0.190741
0 0.426235 0.726852 0.086420 0.168519
0 0.443210 0.568519 0.095679 0.166667
0 0.518056 0.699074 0.075617 0.164815
0 0.572839 0.730556 0.074074 0.164815
0 0.685494 0.746296 0.080247 0.144444
0 0.775772 0.900000 0.112654 0.200000
0 0.879938 0.503704 0.067901 0.162963
0 0.823611 0.340741 0.078704 0.140741