0 0.878229 0.224307 0.242434 0.218181
0 0.643745 0.129813 0.204901 0.183771
0 0.283310 0.255896 0.238251 0.230273
0 0.545169 0.755886 0.258243 0.265749
0 0.108718 0.397595 0.216433 0.214512
0 0.446108 0.497399 0.282834 0.270760
0 0.766672 0.903241 0.280883 0.188878
0 0.253622 0.494525 0.149586 0.212532
0 0.156648 0.745603 0.261724 0.243242
0 0.125933 0.596344 0.245502 0.207719
0 0.823579 0.721603 0.276908 0.226864
0 0.514535 0.299070 0.250443 0.202006
0 0.353148 0.700000 0.164815 0.218519
0 0.767963 0.495370 0.209259 0.238889
0 0.902963 0.429630 0.194074 0.192593