0 0.324801 0.228487 0.093295 0.138585
0 0.321067 0.510185 0.097797 0.131481
0 0.424298 0.500000 0.094175 0.151852
0 0.525717 0.458333 0.094175 0.153704
0 0.234136 0.237037 0.090553 0.148148
0 0.772927 0.239815 0.110475 0.157407
0 0.671508 0.512037 0.095986 0.161111
0 0.764777 0.589815 0.079687 0.109259
0 0.755722 0.766667 0.068820 0.140741
0 0.839936 0.740741 0.092364 0.133333
0 0.858952 0.578704 0.065198 0.087037
0 0.933206 0.400000 0.076065 0.148148
0 0.906946 0.539815 0.074254 0.131481
0 0.255869 0.700000 0.090553 0.125926
0 0.236853 0.609259 0.077876 0.088889