0 0.471316 0.455556 0.142105 0.225926
0 0.488421 0.247222 0.165789 0.183333
0 0.843026 0.462037 0.132895 0.168519
0 0.785789 0.624074 0.176316 0.192593
0 0.646316 0.650926 0.142105 0.187037
0 0.677895 0.455556 0.115789 0.185185
0 0.631184 0.300000 0.135526 0.192593
0 0.702237 0.193519 0.122368 0.135185
0 0.790395 0.285185 0.127632 0.144444
0 0.357500 0.496296 0.132895 0.222222
0 0.497632 0.644444 0.139474 0.177778
0 0.397632 0.825926 0.173684 0.214815
0 0.287105 0.657407 0.147368 0.229630
0 0.178553 0.595370 0.119737 0.187037
0 0.117368 0.753704 0.139474 0.203704
0 0.148289 0.918519 0.148684 0.162962
0 0.298289 0.932407 0.106579 0.135185
0 0.237105 0.799074 0.094737 0.146296
0 0.146974 0.404630 0.169737 0.212963
0 0.121974 0.125000 0.175000 0.175926
0 0.301579 0.194444 0.150000 0.196296
0 0.459474 0.074074 0.142105 0.148148
0 0.329211 0.055556 0.121053 0.111111
0 0.687105 0.062037 0.163158 0.124074
0 0.838421 0.131481 0.136842 0.166667
0 0.934342 0.887037 0.131316 0.225926
0 0.837105 0.782407 0.139474 0.175926
0 0.576579 0.824074 0.157895 0.185185